3.377733670690508 18.19376451789458 13.400904234395986 0.0035609148798250844 6.077972469792814 0.7197049619741478 3.291435936693394 13.899829500688057
3.3811130940728895 18.19376451789458 13.400904234395986 0.0035609148798250844 6.077972469792814 0.7197049619741478 3.291435936693394 13.899829500688057
3.377733670690508 18.19376451789458 13.400904234395986 0.0035609148798250844 6.077972469792814 0.7197049619741478 3.291435936693394 13.899829500688057
3.377733670690508 18.19376451789458 13.400904234395986 0.0035609148798250844 6.077972469792814 0.7197049619741478 3.291435936693394 13.899829500688057
3.377733670690508 18.19376451789458 13.400904234395986 0.0035609148798250844 6.077972469792814 0.7197049619741478 3.291435936693394 13.899829500688057
3.377733670690508 18.19376451789458 13.400904234395986 0.0035609148798250844 6.077972469792814 0.7197049619741478 3.291435936693394 13.899829500688057
3.37827534125518 18.17849466143118 13.389656980865878 0.0035579970398819296 6.072871284974995 0.7191009333650387 3.29196378177434 13.911507168717877
3.377733670690508 18.19376451789458 13.400904234395986 0.0035609148798250844 6.077972469792814 0.7197049619741478 3.291435936693394 13.899829500688057
3.377733670690508 18.175579845712775 13.387510027265156 0.0035573557445129156 6.071897534790522 0.7189856166848183 3.291435936693394 13.913736283580192
3.3811130940728895 18.19376451789458 13.400904234395986 0.0035609148798250844 6.077972469792814 0.7197049619741478 3.294729019171326 13.899829500688057
3.3811130940728895 18.19376451789458 13.400904234395986 0.0035609148798250844 6.077972469792814 0.7197049619741478 3.294729019171326 13.899829500688057
3.377733670690508 18.19376451789458 13.400904234395986 0.0035609148798250844 6.077972469792814 0.7197049619741478 3.291435936693394 13.899829500688057
3.377733670690508 18.19376451789458 13.400904234395986 0.0035609148798250844 6.077972469792814 0.7197049619741478 3.291435936693394 13.899829500688057
3.3811130940728895 18.19376451789458 13.400904234395986 0.0035609148798250844 6.077972469792814 0.7197049619741478 3.291435936693394 13.899829500688057
3.3811130940728895 18.19376451789458 13.400904234395986 0.0035609148798250844 6.077972469792814 0.7197049619741478 3.291435936693394 13.899829500688057
3.377733670690508 18.175579845712775 13.387510027265156 0.0035573557445129156 6.071897534790522 0.7189856166848183 3.294729019171326 13.913736283580192
3.377733670690508 18.175579845712775 13.387510027265156 0.0035573557445129156 6.071897534790522 0.7189856166848183 3.291435936693394 13.913736283580192
3.377733670690508 18.175579845712775 13.387510027265156 0.0035573557445129156 6.071897534790522 0.7189856166848183 3.294729019171326 13.913736283580192
3.3811130940728895 18.19376451789458 13.400904234395986 0.0035609148798250844 6.077972469792814 0.7197049619741478 3.291435936693394 13.899829500688057
3.3783383680156596 18.178833835837064 13.389906805016793 0.003557992618107208 6.0729845919686465 0.7191143326342397 3.2920252053566537 13.911247784821818
3.377733670690508 18.19376451789458 13.400904234395986 0.0035609148798250844 6.077972469792814 0.7197049619741478 3.291435936693394 13.899829500688057
3.377733670690508 18.19376451789458 13.400904234395986 0.0035609148798250844 6.077972469792814 0.7197049619741478 3.291435936693394 13.899829500688057
3.377733670690508 18.19376451789458 13.400904234395986 0.0035609148798250844 6.077972469792814 0.7197049619741478 3.291435936693394 13.899829500688057
3.3811130940728895 18.19376451789458 13.387510027265156 0.0035609148798250844 6.077972469792814 0.7197049619741478 3.294729019171326 13.899829500688057
3.3811130940728895 18.175579845712775 13.387510027265156 0.0035573557445129156 6.071897534790522 0.7189856166848183 3.294729019171326 13.913736283580192
3.377733670690508 18.19376451789458 13.400904234395986 0.0035609148798250844 6.077972469792814 0.7197049619741478 3.291435936693394 13.899829500688057
3.377733670690508 18.19376451789458 13.400904234395986 0.0035609148798250844 6.077972469792814 0.7197049619741478 3.291435936693394 13.899829500688057
3.377733670690508 18.19376451789458 13.400904234395986 0.0035609148798250844 6.077972469792814 0.7197049619741478 3.291435936693394 13.899829500688057
3.377733670690508 18.19376451789458 13.400904234395986 0.0035609148798250844 6.077972469792814 0.7197049619741478 3.291435936693394 13.899829500688057
3.377733670690508 18.175579845712775 13.387510027265156 0.0035573557445129156 6.071897534790522 0.7189856166848183 3.294729019171326 13.913736283580192
3.377733670690508 18.175579845712775 13.387510027265156 0.0035573557445129156 6.071897534790522 0.7189856166848183 3.291435936693394 13.913736283580192
3.377733670690508 18.19376451789458 13.400904234395986 0.0035609148798250844 6.077972469792814 0.7197049619741478 3.291435936693394 13.899829500688057
3.3783383680156596 18.178833835837064 13.389906805016793 0.003557992618107208 6.0729845919686465 0.7191143326342397 3.2920252053566537 13.911247784821818
3.3811130940728895 18.175579845712775 13.387510027265156 0.0035573557445129156 6.071897534790522 0.7189856166848183 3.294729019171326 13.913736283580192
3.377733670690508 18.175579845712775 13.387510027265156 0.0035573557445129156 6.071897534790522 0.7189856166848183 3.291435936693394 13.913736283580192
3.3811130940728895 18.19376451789458 13.400904234395986 0.0035609148798250844 6.077972469792814 0.7197049619741478 3.291435936693394 13.899829500688057
3.3811130940728895 18.19376451789458 13.400904234395986 0.0035609148798250844 6.077972469792814 0.7197049619741478 3.291435936693394 13.899829500688057
3.3811130940728895 18.19376451789458 13.400904234395986 0.0035609148798250844 6.077972469792814 0.7197049619741478 3.291435936693394 13.899829500688057
3.377733670690508 18.175579845712775 13.400904234395986 0.0035573557445129156 6.071897534790522 0.7189856166848183 3.291435936693394 13.913736283580192
3.377733670690508 18.19376451789458 13.400904234395986 0.0035609148798250844 6.077972469792814 0.7197049619741478 3.291435936693394 13.899829500688057
3.377733670690508 18.19376451789458 13.400904234395986 0.0035609148798250844 6.077972469792814 0.7197049619741478 3.291435936693394 13.899829500688057
3.3811130940728895 18.19376451789458 13.400904234395986 0.0035609148798250844 6.077972469792814 0.7197049619741478 3.294729019171326 13.899829500688057
3.3811130940728895 18.19376451789458 13.400904234395986 0.0035609148798250844 6.077972469792814 0.7197049619741478 3.294729019171326 13.899829500688057
3.377733670690508 18.19376451789458 13.400904234395986 0.0035609148798250844 6.077972469792814 0.7197049619741478 3.291435936693394 13.899829500688057
3.3781476278432203 18.177807435974962 13.39552446423656 0.003557791727780272 6.072641703678585 0.7190737350685282 3.29183933252524 13.91203272709796
3.377733670690508 18.19376451789458 13.400904234395986 0.0035609148798250844 6.077972469792814 0.7197049619741478 3.291435936693394 13.899829500688057
3.377733670690508 18.175579845712775 13.387510027265156 0.0035573557445129156 6.071897534790522 0.7189856166848183 3.294729019171326 13.913736283580192
3.377733670690508 18.19376451789458 13.400904234395986 0.0035609148798250844 6.077972469792814 0.7197049619741478 3.291435936693394 13.899829500688057
3.377733670690508 18.19376451789458 13.400904234395986 0.0035609148798250844 6.077972469792814 0.7197049619741478 3.291435936693394 13.899829500688057
3.3811130940728895 18.19376451789458 13.400904234395986 0.0035609148798250844 6.077972469792814 0.7197049619741478 3.294729019171326 13.899829500688057
3.3811130940728895 18.19376451789458 13.400904234395986 0.0035609148798250844 6.077972469792814 0.7197049619741478 3.294729019171326 13.899829500688057
3.377733670690508 18.175579845712775 13.400904234395986 0.0035573557445129156 6.071897534790522 0.7189856166848183 3.294729019171326 13.913736283580192
3.3811130940728895 18.19376451789458 13.400904234395986 0.0035609148798250844 6.077972469792814 0.7197049619741478 3.291435936693394 13.899829500688057
3.377733670690508 18.175579845712775 13.387510027265156 0.0035573557445129156 6.071897534790522 0.7189856166848183 3.294729019171326 13.913736283580192
3.377733670690508 18.19376451789458 13.400904234395986 0.0035609148798250844 6.077972469792814 0.7197049619741478 3.291435936693394 13.899829500688057
3.3811130940728895 18.19376451789458 13.400904234395986 0.0035609148798250844 6.077972469792814 0.7197049619741478 3.294729019171326 13.899829500688057
3.377733670690508 18.175579845712775 13.387510027265156 0.0035573557445129156 6.071897534790522 0.7189856166848183 3.291435936693394 13.913736283580192
3.377733670690508 18.175579845712775 13.387510027265156 0.0035573557445129156 6.071897534790522 0.7189856166848183 3.294729019171326 13.913736283580192
3.377733670690508 18.175579845712775 13.387510027265156 0.0035573557445129156 6.071897534790522 0.7189856166848183 3.291435936693394 13.913736283580192
3.377733670690508 18.19376451789458 13.400904234395986 0.0035609148798250844 6.077972469792814 0.7197049619741478 3.291435936693394 13.899829500688057
3.3811130940728895 18.19376451789458 13.400904234395986 0.0035609148798250844 6.077972469792814 0.7197049619741478 3.294729019171326 13.899829500688057
3.3811130940728895 18.175579845712775 13.387510027265156 0.0035573557445129156 6.071897534790522 0.7189856166848183 3.294729019171326 13.913736283580192
3.377733670690508 18.19376451789458 13.400904234395986 0.0035609148798250844 6.077972469792814 0.7197049619741478 3.291435936693394 13.899829500688057
3.377733670690508 18.19376451789458 13.400904234395986 0.0035609148798250844 6.077972469792814 0.7197049619741478 3.291435936693394 13.899829500688057
3.3811130940728895 18.19376451789458 13.400904234395986 0.0035609148798250844 6.077972469792814 0.7197049619741478 3.294729019171326 13.899829500688057
3.377733670690508 18.175579845712775 13.400904234395986 0.0035573557445129156 6.071897534790522 0.7189856166848183 3.294729019171326 13.913736283580192
3.3811130940728895 18.19376451789458 13.400904234395986 0.0035609148798250844 6.077972469792814 0.7197049619741478 3.294729019171326 13.899829500688057
3.377733670690508 18.175579845712775 13.400904234395986 0.0035573557445129156 6.071897534790522 0.7189856166848183 3.291435936693394 13.913736283580192
3.3811130940728895 18.19376451789458 13.400904234395986 0.0035609148798250844 6.077972469792814 0.7197049619741478 3.294729019171326 13.899829500688057
3.3811130940728895 18.19376451789458 13.400904234395986 0.0035609148798250844 6.077972469792814 0.7197049619741478 3.291435936693394 13.899829500688057
3.377733670690508 18.175579845712775 13.387510027265156 0.0035573557445129156 6.071897534790522 0.7189856166848183 3.294729019171326 13.913736283580192
3.377733670690508 18.19376451789458 13.400904234395986 0.0035609148798250844 6.077972469792814 0.7197049619741478 3.291435936693394 13.899829500688057
3.3811130940728895 18.19376451789458 13.400904234395986 0.0035609148798250844 6.077972469792814 0.7197049619741478 3.294729019171326 13.899829500688057
3.377733670690508 18.175579845712775 13.387510027265156 0.0035573557445129156 6.071897534790522 0.7189856166848183 3.291435936693394 13.913736283580192
3.377733670690508 18.175579845712775 13.387510027265156 0.0035573557445129156 6.071897534790522 0.7189856166848183 3.294729019171326 13.913736283580192
3.3811130940728895 18.175579845712775 13.387510027265156 0.0035573557445129156 6.071897534790522 0.7189856166848183 3.294729019171326 13.913736283580192
3.3811130940728895 18.19376451789458 13.400904234395986 0.0035609148798250844 6.077972469792814 0.7197049619741478 3.294729019171326 13.899829500688057
3.377733670690508 18.175579845712775 13.387510027265156 0.0035573557445129156 6.071897534790522 0.7189856166848183 3.294729019171326 13.913736283580192
3.3811130940728895 18.175579845712775 13.400904234395986 0.0035609148798250844 6.077972469792814 0.7197049619741478 3.291435936693394 13.913736283580192
3.377733670690508 18.19376451789458 13.400904234395986 0.0035609148798250844 6.077972469792814 0.7197049619741478 3.291435936693394 13.899829500688057
3.377733670690508 18.175579845712775 13.400904234395986 0.0035573557445129156 6.071897534790522 0.7189856166848183 3.291435936693394 13.913736283580192
3.377733670690508 18.19376451789458 13.400904234395986 0.0035609148798250844 6.077972469792814 0.7197049619741478 3.291435936693394 13.899829500688057
3.377733670690508 18.175579845712775 13.387510027265156 0.0035573557445129156 6.071897534790522 0.7189856166848183 3.291435936693394 13.913736283580192
3.3811130940728895 18.175579845712775 13.387510027265156 0.0035573557445129156 6.071897534790522 0.7189856166848183 3.294729019171326 13.913736283580192
3.3811130940728895 18.19376451789458 13.400904234395986 0.0035609148798250844 6.077972469792814 0.7197049619741478 3.294729019171326 13.899829500688057
3.3811130940728895 18.175579845712775 13.387510027265156 0.0035573557445129156 6.071897534790522 0.7189856166848183 3.294729019171326 13.913736283580192
3.377733670690508 18.175579845712775 13.387510027265156 0.0035573557445129156 6.071897534790522 0.7189856166848183 3.291435936693394 13.913736283580192
3.3811130940728895 18.175579845712775 13.400904234395986 0.0035609148798250844 6.077972469792814 0.7197049619741478 3.291435936693394 13.899829500688057
3.3811130940728895 18.175579845712775 13.387510027265156 0.0035573557445129156 6.071897534790522 0.7189856166848183 3.294729019171326 13.913736283580192
3.3811130940728895 18.19376451789458 13.400904234395986 0.0035609148798250844 6.077972469792814 0.7197049619741478 3.294729019171326 13.899829500688057
3.3811130940728895 18.19376451789458 13.387510027265156 0.0035609148798250844 6.077972469792814 0.7197049619741478 3.294729019171326 13.899829500688057
3.379423382381699 18.184672181803677 13.394207130830571 0.003559135312169 6.074935002291668 0.719345289329483 3.29308247793236 13.906782892134125
3.3811130940728895 18.19376451789458 13.400904234395986 0.0035609148798250844 6.077972469792814 0.7197049619741478 3.294729019171326 13.899829500688057
3.377733670690508 18.19376451789458 13.400904234395986 0.0035609148798250844 6.077972469792814 0.7197049619741478 3.291435936693394 13.899829500688057
3.3811130940728895 18.19376451789458 13.400904234395986 0.0035609148798250844 6.077972469792814 0.7197049619741478 3.294729019171326 13.899829500688057
3.3811130940728895 18.175579845712775 13.387510027265156 0.0035573557445129156 6.071897534790522 0.7189856166848183 3.294729019171326 13.913736283580192
3.377733670690508 18.175579845712775 13.387510027265156 0.0035573557445129156 6.071897534790522 0.7189856166848183 3.291435936693394 13.913736283580192
3.3811130940728895 18.175579845712775 13.387510027265156 0.0035573557445129156 6.071897534790522 0.7189856166848183 3.294729019171326 13.913736283580192
3.377733670690508 18.19376451789458 13.400904234395986 0.0035609148798250844 6.077972469792814 0.7197049619741478 3.291435936693394 13.899829500688057
3.377733670690508 18.175579845712775 13.387510027265156 0.0035573557445129156 6.071897534790522 0.7189856166848183 3.291435936693394 13.913736283580192
3.377733670690508 18.175579845712775 13.387510027265156 0.0035573557445129156 6.071897534790522 0.7189856166848183 3.294729019171326 13.913736283580192
3.377733670690508 18.175579845712775 13.387510027265156 0.0035573557445129156 6.071897534790522 0.7189856166848183 3.291435936693394 13.913736283580192
3.3811130940728895 18.175579845712775 13.400904234395986 0.0035573557445129156 6.071897534790522 0.7189856166848183 3.294729019171326 13.913736283580192
3.377733670690508 18.175579845712775 13.387510027265156 0.0035573557445129156 6.071897534790522 0.7189856166848183 3.294729019171326 13.913736283580192
3.3811130940728895 18.19376451789458 13.387510027265156 0.0035573557445129156 6.077972469792814 0.7189856166848183 3.291435936693394 13.899829500688057
3.377733670690508 18.19376451789458 13.400904234395986 0.0035609148798250844 6.077972469792814 0.7197049619741478 3.291435936693394 13.899829500688057
3.377733670690508 18.175579845712775 13.387510027265156 0.0035573557445129156 6.071897534790522 0.7189856166848183 3.294729019171326 13.913736283580192
3.377733670690508 18.19376451789458 13.400904234395986 0.0035609148798250844 6.077972469792814 0.7197049619741478 3.291435936693394 13.899829500688057
3.377733670690508 18.175579845712775 13.387510027265156 0.0035573557445129156 6.071897534790522 0.7189856166848183 3.291435936693394 13.913736283580192
3.3811130940728895 18.175579845712775 13.387510027265156 0.0035573557445129156 6.071897534790522 0.7189856166848183 3.294729019171326 13.913736283580192
3.3811130940728895 18.175579845712775 13.387510027265156 0.0035573557445129156 6.071897534790522 0.7189856166848183 3.294729019171326 13.913736283580192
3.377733670690508 18.19376451789458 13.400904234395986 0.0035609148798250844 6.077972469792814 0.7197049619741478 3.291435936693394 13.899829500688057
3.3811130940728895 18.19376451789458 13.400904234395986 0.0035609148798250844 6.077972469792814 0.7197049619741478 3.294729019171326 13.899829500688057
3.3811130940728895 18.175579845712775 13.387510027265156 0.0035573557445129156 6.071897534790522 0.7189856166848183 3.294729019171326 13.913736283580192
3.3811130940728895 18.175579845712775 13.387510027265156 0.0035573557445129156 6.071897534790522 0.7189856166848183 3.294729019171326 13.913736283580192
3.377733670690508 18.175579845712775 13.387510027265156 0.0035573557445129156 6.071897534790522 0.7189856166848183 3.294729019171326 13.913736283580192
3.3811130940728895 18.19376451789458 13.400904234395986 0.0035609148798250844 6.077972469792814 0.7197049619741478 3.294729019171326 13.899829500688057
3.377733670690508 18.175579845712775 13.387510027265156 0.0035573557445129156 6.071897534790522 0.7189856166848183 3.294729019171326 13.913736283580192
3.3804809214814484 18.178981565333533 13.390015617509066 0.0035580215362155552 6.07303394381809 0.7191201808238654 3.2941129979772894 13.911134808235992
3.3811130940728895 18.175579845712775 13.387510027265156 0.0035573557445129156 6.071897534790522 0.7189856166848183 3.294729019171326 13.913736283580192
3.377733670690508 18.175579845712775 13.387510027265156 0.0035573557445129156 6.071897534790522 0.7189856166848183 3.294729019171326 13.913736283580192
3.377733670690508 18.19376451789458 13.400904234395986 0.0035609148798250844 6.077972469792814 0.7197049619741478 3.291435936693394 13.899829500688057
3.377733670690508 18.19376451789458 13.400904234395986 0.0035609148798250844 6.077972469792814 0.7197049619741478 3.291435936693394 13.899829500688057
3.3811130940728895 18.175579845712775 13.400904234395986 0.0035609148798250844 6.077972469792814 0.7197049619741478 3.291435936693394 13.913736283580192
3.377733670690508 18.175579845712775 13.387510027265156 0.0035573557445129156 6.071897534790522 0.7189856166848183 3.294729019171326 13.913736283580192
3.3811130940728895 18.19376451789458 13.400904234395986 0.0035609148798250844 6.077972469792814 0.7197049619741478 3.294729019171326 13.899829500688057
3.377733670690508 18.19376451789458 13.400904234395986 0.0035609148798250844 6.077972469792814 0.7197049619741478 3.291435936693394 13.899829500688057
3.3811130940728895 18.175579845712775 13.387510027265156 0.0035573557445129156 6.071897534790522 0.7189856166848183 3.294729019171326 13.913736283580192
3.377733670690508 18.19376451789458 13.400904234395986 0.0035609148798250844 6.077972469792814 0.7197049619741478 3.291435936693394 13.899829500688057
3.377733670690508 18.19376451789458 13.400904234395986 0.0035609148798250844 6.077972469792814 0.7197049619741478 3.291435936693394 13.899829500688057
3.3811130940728895 18.175579845712775 13.387510027265156 0.0035573557445129156 6.071897534790522 0.7189856166848183 3.294729019171326 13.913736283580192
3.377733670690508 18.175579845712775 13.387510027265156 0.0035573557445129156 6.071897534790522 0.7189856166848183 3.291435936693394 13.913736283580192
3.377733670690508 18.19376451789458 13.400904234395986 0.0035609148798250844 6.077972469792814 0.7197049619741478 3.291435936693394 13.899829500688057
3.377733670690508 18.175579845712775 13.387510027265156 0.0035573557445129156 6.071897534790522 0.7189856166848183 3.294729019171326 13.913736283580192
3.377733670690508 18.175579845712775 13.387510027265156 0.0035573557445129156 6.071897534790522 0.7189856166848183 3.294729019171326 13.913736283580192
3.3811130940728895 18.175579845712775 13.387510027265156 0.0035573557445129156 6.071897534790522 0.7189856166848183 3.294729019171326 13.913736283580192
3.377733670690508 18.19376451789458 13.400904234395986 0.0035609148798250844 6.077972469792814 0.7197049619741478 3.291435936693394 13.899829500688057
3.3811130940728895 18.175579845712775 13.387510027265156 0.0035573557445129156 6.071897534790522 0.7189856166848183 3.294729019171326 13.913736283580192
3.3811130940728895 18.175579845712775 13.400904234395986 0.0035573557445129156 6.071897534790522 0.7189856166848183 3.291435936693394 13.913736283580192
3.377733670690508 18.175579845712775 13.387510027265156 0.0035573557445129156 6.071897534790522 0.7189856166848183 3.294729019171326 13.913736283580192
3.3811130940728895 18.175579845712775 13.387510027265156 0.0035573557445129156 6.071897534790522 0.7189856166848183 3.294729019171326 13.913736283580192
3.377733670690508 18.19376451789458 13.400904234395986 0.0035609148798250844 6.077972469792814 0.7197049619741478 3.291435936693394 13.899829500688057
3.377733670690508 18.19376451789458 13.400904234395986 0.0035609148798250844 6.077972469792814 0.7197049619741478 3.291435936693394 13.899829500688057
3.3791601685391206 18.183255844636488 13.393163905339394 0.0035588582843062715 6.074461848345272 0.7192892591295291 3.2928259919576193 13.907866039764013
3.3811130940728895 18.19376451789458 13.400904234395986 0.0035609148798250844 6.077972469792814 0.7197049619741478 3.294729019171326 13.899829500688057
3.377733670690508 18.19376451789458 13.400904234395986 0.0035609148798250844 6.077972469792814 0.7197049619741478 3.291435936693394 13.899829500688057
3.3811130940728895 18.19376451789458 13.400904234395986 0.0035609148798250844 6.077972469792814 0.7197049619741478 3.294729019171326 13.899829500688057
3.377733670690508 18.175579845712775 13.387510027265156 0.0035573557445129156 6.071897534790522 0.7189856166848183 3.291435936693394 13.913736283580192
3.377733670690508 18.19376451789458 13.400904234395986 0.0035609148798250844 6.077972469792814 0.7197049619741478 3.291435936693394 13.899829500688057
3.377733670690508 18.19376451789458 13.400904234395986 0.0035609148798250844 6.077972469792814 0.7197049619741478 3.291435936693394 13.899829500688057
