0.8755777023327129 -0.9495652173913045
0.9558755886540353 -0.8730434782608698
1.052475084875698 -0.7930434782608695
1.132772971197021 -0.7165217391304348
1.2781349249808345 -0.6191304347826088
1.4234968787646476 -0.5217391304347827
1.5530555251341582 -0.4521739130434783
1.7314478151352535 -0.3686956521739131
1.910124849414084 -0.2991304347826089
2.1705234914029132 -0.222608695652174
2.4149764538385723 -0.16695652173913045
2.708618990252984 -0.11478260869565227
2.937339831343774 -0.09043478260869575
3.378551089694448 -0.04869565217391303
3.6893494688424058 -0.034782608695652195
4.2292246194283205 -0.013913043478261056
4.523863760814807 -0.01043478260869568
3.9511006461504774 -0.024347826086956736
4.7857573102617454 -0.006956521739130528
5.129514839557551 -0.003478260869565153
5.39140838900449 0
5.866219472127916 0
6.242793779432702 0
6.815841638374768 0
7.781836600591393 0
7.339628737268646 0
8.0    0
8.5    0
9.0    0
9.5    0
10	0
