0.5592979958383528 -0.6956521739130437
0.6383145329098674 -0.5565217391304349
0.7333479356039863 -0.40000000000000013
0.764313875807688 -0.31304347826086953
0.7953510020808239 -0.22956521739130453
0.8755065162632787 -0.1460869565217393
0.9068283868141493 -0.0765217391304347
1.0189464461723794 0.045217391304347876
1.0829427225933632 0.11826086956521742
1.179755777023327 0.1878260869565217
1.276568831453291 0.2573913043478261
1.4552458657321214 0.32695652173913037
1.5856587449348372 0.35478260869565215
1.7491019603548354 0.368695652173913
1.9620906801007554 0.36173913043478256
2.2081097360639577 0.3408695652173912
2.4543423502354615 0.30956521739130427
2.6679005585368527 0.2747826086956522
2.9142043587777895 0.23999999999999988
3.1442065491183877 0.20173913043478253
3.4068831453290986 0.16695652173913034
3.603926185521849 0.13913043478260856
3.800826853575731 0.11826086956521742
4.128923447596101 0.08695652173913049
4.45680648340817 0.06608695652173902
4.7846895192202386 0.045217391304347876
5.1615485708027595 0.03130434782608693
5.472845252436755 0.02086956521739114
5.882449895958821 0.006956521739130528
6.422894535100209 0
6.946824006132954 0
7.323398313437742 0
7.601664658854454 0.0
8.0            0
8.5            0
9.             0
9.5             0
10.0            0.0