0.39855072463768115 0.9434977578475334
0.5169082125603865 0.9040358744394617
0.6521739130434785 0.8609865470852015
0.8043478260869561 0.8035874439461881
0.8888888888888888 0.760538116591928
0.9903381642512077 0.7174887892376679
1.0917874396135265 0.6744394618834079
1.227053140096618 0.6170403587443944
1.3454106280193234 0.5668161434977577
1.4468599033816423 0.5237668161434975
1.5652173913043477 0.47354260089686073
1.7004830917874392 0.4161434977578473
1.8188405797101446 0.36591928251121053
1.9879227053140096 0.3228699551569505
2.190821256038647 0.25829596412556044
2.359903381642512 0.2152466367713003
2.528985507246376 0.1793721973094169
2.7657004830917864 0.13632286995515674
2.951690821256038 0.1076233183856502
3.23913043478260 0.07174887892376658
3.509661835748792 0.05022421524663678
3.7294685990338157 0.03587443946188329
4.101449275362318 0.021524663677129796
4.4227053140096615 0.014349775784753271
4.794685990338163 0.007174887892376747
5.234299516908212 0.0035874439461882623
5.724637681159418 0
6.028985507246375 0
6.553140096618357 0
6.9589371980676304 0
7.364734299516908 0
7.905797101449272 0
8.0 0
8.5 0
9.0 0
9.5 0
10.0 0
