0.39855072463768115 0.8322869955156948
0.5169082125603865 0.7354260089686097
0.6014492753623188 0.6493273542600895
0.6859903381642507 0.5847533632286994
0.7536231884057969 0.5094170403587442
0.8212560386473426 0.4412556053811657
0.9057971014492754 0.36233183856502216
1.0072463768115942 0.2618834080717487
1.108695652173913 0.17219730941704015
1.1763285024154584 0.11121076233183846
1.2946859903381638 0.02511210762331828
1.4130434782608692 -0.06816143497757854
1.5483091787439611 -0.1470852017937221
1.7004830917874392 -0.2188340807174889
1.8864734299516908 -0.2869955156950674
2.0724637681159415 -0.326457399103139
2.359903381642512 -0.3515695067264575
2.681159420289855 -0.3372197309417042
3.0362318840579703 -0.2869955156950674
3.306763285024154 -0.23677130044843064
3.526570048309178 -0.20089686098654713
3.7463768115942018 -0.16143497757847558
3.9830917874396126 -0.12914798206278033
4.321256038647343 -0.0860986547085203
4.642512077294684 -0.05739910313901353
4.946859903381641 -0.039461883408071774
5.2681159420289845 -0.025112107623318503
5.657004830917874 -0.010762331838565231
6.1642512077294676 0
6.4685990338164245 0
6.82367149758454 0.0035874439461882623
7.161835748792269 0
7.685990338164249 0
7.92270531400966 0
8.0 0
8.5 0
9.0 0
9.5 0
10.0 0
